
=== Basic files loaded ===
main rows: 9 
main_boot rows: 9 
weights rows: 9 
sensitivity H rows: 36 
sensitivity lambda rows: 12 
bootstrap rows: 8 

=== Main estimates ===
         method       tau_H     M_hat      ess     H H_quantile
1     ipcw_marg  0.04319831 0.7647670 19.29430 529.5        0.9
2        ipcw_x  0.01291424 0.7887232 18.21715 529.5        0.9
3 ps_marg_logit -0.08687665 0.7746616 23.85604 529.5        0.9
4    ps_x_logit -0.05348471 0.7533009 22.87257 529.5        0.9
5   ps_x_spline -0.06720941 0.7512015 17.73687 529.5        0.9
6   scap_x_l050 -0.02060551 0.7617855 23.33818 529.5        0.9
7   scap_x_l075 -0.05027490 0.7611092 24.62761 529.5        0.9
8   scap_x_l100 -0.07806185 0.7608267 25.01979 529.5        0.9
9          trad  0.04334455 0.7642799 19.27651 529.5        0.9

=== Main vs bootstrap estimate consistency ===
         method       tau_H    estimate n_boot_valid diff_tau_estimate
1     ipcw_marg  0.04319831  0.04319831         2000                 0
2        ipcw_x  0.01291424  0.01291424         2000                 0
3 ps_marg_logit -0.08687665 -0.08687665         2000                 0
4    ps_x_logit -0.05348471 -0.05348471         2000                 0
5   ps_x_spline -0.06720941 -0.06720941         2000                 0
6   scap_x_l050 -0.02060551 -0.02060551         2000                 0
7   scap_x_l075 -0.05027490 -0.05027490         2000                 0
8   scap_x_l100 -0.07806185          NA           NA                NA
9          trad  0.04334455  0.04334455         2000                 0

=== Main vs weight diagnostics consistency ===
         method M_hat_main ess_main sum_weights_main M_hat_weights ess_weights
1     ipcw_marg  0.7647670 19.29430       29.0611449     0.7647670    19.29430
2        ipcw_x  0.7887232 18.21715       29.9714816     0.7887232    18.21715
3 ps_marg_logit  0.7746616 23.85604        0.9994487     0.7746616    23.85604
4    ps_x_logit  0.7533009 22.87257        0.9998794     0.7533009    22.87257
5   ps_x_spline  0.7512015 17.73687        0.9999999     0.7512015    17.73687
6   scap_x_l050  0.7617855 23.33818        0.9958040     0.7617855    23.33818
7   scap_x_l075  0.7611092 24.62761        0.9936446     0.7611092    24.62761
8   scap_x_l100  0.7608267 25.01979        0.9915204     0.7608267    25.01979
9          trad  0.7642799 19.27651        1.0000000     0.7642799    19.27651
  sum_weights_weights diff_M_hat diff_ess diff_sum_weights
1          29.0611449          0        0                0
2          29.9714816          0        0                0
3           0.9994487          0        0                0
4           0.9998794          0        0                0
5           0.9999999          0        0                0
6           0.9958040          0        0                0
7           0.9936446          0        0                0
8           0.9915204          0        0                0
9           1.0000000          0        0                0

=== Main H and sensitivity-H consistency at H_quantile=0.90 ===
         method  tau_H_main M_hat_main ess_main tau_H_sensH M_hat_sensH
1     ipcw_marg  0.04319831  0.7647670 19.29430  0.04319831   0.7647670
2        ipcw_x  0.01291424  0.7887232 18.21715  0.01291424   0.7887232
3 ps_marg_logit -0.08687665  0.7746616 23.85604 -0.08687665   0.7746616
4    ps_x_logit -0.05348471  0.7533009 22.87257 -0.05348471   0.7533009
5   ps_x_spline -0.06720941  0.7512015 17.73687 -0.06720941   0.7512015
6   scap_x_l050 -0.02060551  0.7617855 23.33818 -0.02060551   0.7617855
7   scap_x_l075 -0.05027490  0.7611092 24.62761 -0.05027490   0.7611092
8   scap_x_l100 -0.07806185  0.7608267 25.01979 -0.07806185   0.7608267
9          trad  0.04334455  0.7642799 19.27651  0.04334455   0.7642799
  ess_sensH diff_tau diff_M_hat diff_ess
1  19.29430        0          0        0
2  18.21715        0          0        0
3  23.85604        0          0        0
4  22.87257        0          0        0
5  17.73687        0          0        0
6  23.33818        0          0        0
7  24.62761        0          0        0
8  25.01979        0          0        0
9  19.27651        0          0        0

=== Main sCAP vs lambda sensitivity consistency ===
         method  tau_H_main M_hat_main ess_main lambda tau_H_sensLambda
6   scap_x_l050 -0.02060551  0.7617855 23.33818   0.50      -0.02060551
7   scap_x_l075 -0.05027490  0.7611092 24.62761   0.75      -0.05027490
8   scap_x_l100 -0.07806185  0.7608267 25.01979   1.00      -0.07806185
9          trad  0.04334455  0.7642799 19.27651   0.00       0.04334455
1     ipcw_marg  0.04319831  0.7647670 19.29430     NA               NA
2        ipcw_x  0.01291424  0.7887232 18.21715     NA               NA
3 ps_marg_logit -0.08687665  0.7746616 23.85604     NA               NA
4    ps_x_logit -0.05348471  0.7533009 22.87257     NA               NA
5   ps_x_spline -0.06720941  0.7512015 17.73687     NA               NA
  M_hat_sensLambda ess_sensLambda diff_tau diff_M_hat diff_ess
6        0.7617855       23.33818        0          0        0
7        0.7611092       24.62761        0          0        0
8        0.7608267       25.01979        0          0        0
9        0.7642799       19.27651        0          0        0
1               NA             NA       NA         NA       NA
2               NA             NA       NA         NA       NA
3               NA             NA       NA         NA       NA
4               NA             NA       NA         NA       NA
5               NA             NA       NA         NA       NA

=== Bootstrap validity ===
         method    estimate   boot_se  ci_perc_l ci_perc_u ci_width_perc
1     ipcw_marg  0.04319831 0.1661457 -0.2652016 0.3671879     0.6323895
2        ipcw_x  0.01291424 0.1681803 -0.2977685 0.3495884     0.6473570
3 ps_marg_logit -0.08687665 0.1553991 -0.3562332 0.2405668     0.5968000
4    ps_x_logit -0.05348471 0.1796063 -0.3753334 0.3199285     0.6952619
5   ps_x_spline -0.06720941 0.1962295 -0.3915371 0.3650145     0.7565516
6   scap_x_l050 -0.02060551 0.1571847 -0.3017970 0.2944833     0.5962803
7   scap_x_l075 -0.05027490 0.1552163 -0.3199051 0.2666676     0.5865727
8          trad  0.04334455 0.1662039 -0.2655506 0.3672125     0.6327631
  n_boot_valid
1         2000
2         2000
3         2000
4         2000
5         2000
6         2000
7         2000
8         2000

=== Red flags ===
No red flags detected.
