
=== Basic files loaded ===
main rows: 9 
main_boot rows: 9 
weights rows: 9 
sensitivity H rows: 36 
sensitivity lambda rows: 12 
bootstrap rows: 8 

=== Main estimates ===
         method       tau_H     M_hat       ess   H H_quantile
1     ipcw_marg -0.05477060 0.1282594  80.97281 155        0.9
2        ipcw_x -0.05436929 0.1284059  80.96490 155        0.9
3 ps_marg_logit -0.02631505 0.1264789 119.45942 155        0.9
4    ps_x_logit -0.02829884 0.1279766 116.25519 155        0.9
5   ps_x_spline -0.16972089 0.1274800  96.38053 155        0.9
6   scap_x_l050 -0.06737017 0.1279555 106.28995 155        0.9
7   scap_x_l075 -0.07462413 0.1278639 117.97907 155        0.9
8   scap_x_l100 -0.08267873 0.1277755 126.36856 155        0.9
9          trad -0.05520984 0.1281484  80.97984 155        0.9

=== Main vs bootstrap estimate consistency ===
         method       tau_H    estimate n_boot_valid diff_tau_estimate
1     ipcw_marg -0.05477060 -0.05477060         2000                 0
2        ipcw_x -0.05436929 -0.05436929         2000                 0
3 ps_marg_logit -0.02631505 -0.02631505         2000                 0
4    ps_x_logit -0.02829884 -0.02829884         2000                 0
5   ps_x_spline -0.16972089 -0.16972089         2000                 0
6   scap_x_l050 -0.06737017 -0.06737017         2000                 0
7   scap_x_l075 -0.07462413 -0.07462413         2000                 0
8   scap_x_l100 -0.08267873          NA           NA                NA
9          trad -0.05520984 -0.05520984         2000                 0

=== Main vs weight diagnostics consistency ===
         method M_hat_main  ess_main sum_weights_main M_hat_weights ess_weights
1     ipcw_marg  0.1282594  80.97281       82.7273331     0.1282594    80.97281
2        ipcw_x  0.1284059  80.96490       82.8217865     0.1284059    80.96490
3 ps_marg_logit  0.1264789 119.45942        0.1491803     0.1264789   119.45942
4    ps_x_logit  0.1279766 116.25519        0.1489223     0.1279766   116.25519
5   ps_x_spline  0.1274800  96.38053        0.1275894     0.1274800    96.38053
6   scap_x_l050  0.1279555 106.28995        0.1428714     0.1279555   106.28995
7   scap_x_l075  0.1278639 117.97907        0.1502171     0.1278639   117.97907
8   scap_x_l100  0.1277755 126.36856        0.1575522     0.1277755   126.36856
9          trad  0.1281484  80.97984        0.1281484     0.1281484    80.97984
  sum_weights_weights diff_M_hat diff_ess diff_sum_weights
1          82.7273331          0        0                0
2          82.8217865          0        0                0
3           0.1491803          0        0                0
4           0.1489223          0        0                0
5           0.1275894          0        0                0
6           0.1428714          0        0                0
7           0.1502171          0        0                0
8           0.1575522          0        0                0
9           0.1281484          0        0                0

=== Main H and sensitivity-H consistency at H_quantile=0.90 ===
         method  tau_H_main M_hat_main  ess_main tau_H_sensH M_hat_sensH
1     ipcw_marg -0.05477060  0.1282594  80.97281 -0.05477060   0.1282594
2        ipcw_x -0.05436929  0.1284059  80.96490 -0.05436929   0.1284059
3 ps_marg_logit -0.02631505  0.1264789 119.45942 -0.02631505   0.1264789
4    ps_x_logit -0.02829884  0.1279766 116.25519 -0.02829884   0.1279766
5   ps_x_spline -0.16972089  0.1274800  96.38053 -0.16972089   0.1274800
6   scap_x_l050 -0.06737017  0.1279555 106.28995 -0.06737017   0.1279555
7   scap_x_l075 -0.07462413  0.1278639 117.97907 -0.07462413   0.1278639
8   scap_x_l100 -0.08267873  0.1277755 126.36856 -0.08267873   0.1277755
9          trad -0.05520984  0.1281484  80.97984 -0.05520984   0.1281484
  ess_sensH diff_tau diff_M_hat diff_ess
1  80.97281        0          0        0
2  80.96490        0          0        0
3 119.45942        0          0        0
4 116.25519        0          0        0
5  96.38053        0          0        0
6 106.28995        0          0        0
7 117.97907        0          0        0
8 126.36856        0          0        0
9  80.97984        0          0        0

=== Main sCAP vs lambda sensitivity consistency ===
         method  tau_H_main M_hat_main  ess_main lambda tau_H_sensLambda
6   scap_x_l050 -0.06737017  0.1279555 106.28995   0.50      -0.06737017
7   scap_x_l075 -0.07462413  0.1278639 117.97907   0.75      -0.07462413
8   scap_x_l100 -0.08267873  0.1277755 126.36856   1.00      -0.08267873
9          trad -0.05520984  0.1281484  80.97984   0.00      -0.05520984
1     ipcw_marg -0.05477060  0.1282594  80.97281     NA               NA
2        ipcw_x -0.05436929  0.1284059  80.96490     NA               NA
3 ps_marg_logit -0.02631505  0.1264789 119.45942     NA               NA
4    ps_x_logit -0.02829884  0.1279766 116.25519     NA               NA
5   ps_x_spline -0.16972089  0.1274800  96.38053     NA               NA
  M_hat_sensLambda ess_sensLambda diff_tau diff_M_hat diff_ess
6        0.1279555      106.28995        0          0        0
7        0.1278639      117.97907        0          0        0
8        0.1277755      126.36856        0          0        0
9        0.1281484       80.97984        0          0        0
1               NA             NA       NA         NA       NA
2               NA             NA       NA         NA       NA
3               NA             NA       NA         NA       NA
4               NA             NA       NA         NA       NA
5               NA             NA       NA         NA       NA

=== Bootstrap validity ===
         method    estimate    boot_se  ci_perc_l   ci_perc_u ci_width_perc
1     ipcw_marg -0.05477060 0.06653397 -0.1864751  0.07296279     0.2594379
2        ipcw_x -0.05436929 0.06654320 -0.1859843  0.07334449     0.2593288
3 ps_marg_logit -0.02631505 0.05959358 -0.1612391  0.07293354     0.2341726
4    ps_x_logit -0.02829884 0.05988690 -0.1552329  0.07828033     0.2335132
5   ps_x_spline -0.16972089 0.06670257 -0.2735186 -0.01764387     0.2558747
6   scap_x_l050 -0.06737017 0.05590964 -0.1753694  0.04032201     0.2156914
7   scap_x_l075 -0.07462413 0.05317688 -0.1816141  0.02542658     0.2070407
8          trad -0.05520984 0.06651537 -0.1866683  0.07270205     0.2593704
  n_boot_valid
1         2000
2         2000
3         2000
4         2000
5         2000
6         2000
7         2000
8         2000

=== Red flags ===
No red flags detected.
